%CPU   PID
 0.0     1
 0.0     2
 0.0     3
 0.0     5
 0.0     7
 0.0     8
 0.0     9
 0.0    10
 0.0    11
 0.0    12
 0.0    13
 0.0    15
 0.0    16
 0.0    17
 0.0    18
 0.0    20
 0.0    21
 0.0    22
 0.0    23
 0.0    25
 0.0    26
 0.0    27
 0.0    28
 0.0    29
 0.0    30
 0.0    31
 0.0    32
 0.0    33
 0.0    34
 0.0    35
 0.0    36
 0.0    37
 0.0    38
 0.0    39
 0.0    45
 0.0    46
 0.0    47
 0.0    48
 0.0    64
 0.0    65
 0.0    66
 0.0    67
 0.0    68
 0.0    69
 0.0    70
 0.0    71
 0.0    72
 0.0    73
 0.0    74
 0.0    75
 0.0    76
 0.0    77
 0.0    79
 0.0    80
 0.0    81
 0.0    82
 0.0    88
 0.0   101
 0.0   102
 0.0   106
 0.0   107
 0.0   149
 0.0   171
 0.0   173
 0.0   174
 0.0   215
 0.0   222
 0.0   248
 0.0   364
 0.0   377
 0.0   476
 0.0   478
 0.0   491
 0.0   572
 0.0   575
 0.0   578
 0.1   579
 0.0   585
 0.0   588
 0.0   591
 0.0   628
 0.0   631
 0.0   650
 0.0   652
 0.0   665
 0.0   667
 0.0   672
 0.0   703
 0.0   706
 1.1   796
 0.0   806
 0.0   808
 0.0   838
 0.0  1049
 0.0  1123
 0.0  1276
 0.0  1277
 0.0  1366
 0.0  1510
 0.0  1591
 0.0  1679
 0.0  1683
 0.0  1746
 0.0  1834
 0.0  1854
 0.0  1994
 0.0  1995
 0.0  2038
 0.0  2042
 0.0  2044
 0.0  2053
 0.0  2071
 0.0  2072
 0.0  2073
 0.0  2099
 0.0  2100
 0.0  2107
 0.0  2111
 0.0  2213
 0.0  2222
 0.0  2234
 0.1  2279
 0.0  2286
 0.0  2292
 0.0  2303
 0.0  2315
 0.0  2319
 0.0  2324
 0.0  2333
 0.0  2334
 0.0  2336
 0.0  2347
 0.0  2356
 0.0  2366
 0.0  2368
 1.1  2373
 0.0  2374
 0.0  2375
 0.0  2383
 0.0  2384
 0.0  2390
 0.0  2404
 0.0  2415
 0.0  2427
 0.0  2428
 0.0  2429
 0.0  2432
 0.0  2433
 0.0  2434
 0.0  2435
 0.0  2442
 0.0  2482
 0.0  2483
 0.0  2523
 0.2  2524
 0.0  2525
 0.0  2526
 0.0  2528
 0.0  2541
 0.0  2553
 0.0  2565
 0.0  2571
 0.0  2576
 0.0  2584
 0.0  2590
 0.0  2603
 0.0  2606
 0.0  2624
 0.0  2643
 0.0  2653
 0.0  2655
 0.0  2664
 0.0  2731
 0.0  2735
 0.0  2742
 0.0  2744
 0.0  2777
 0.0  2787
 0.0  2789
 0.0  2826
 0.0  2846
 0.0  2890
 0.0  2928
 0.0  3664
 0.0  4619
 0.0  4760
 0.2  4805
 0.0  4812
 0.0  4826
 0.2  4984
 0.0  5173
 0.0  5213
 0.0  5232
 0.0  5488
 0.0  5489
 0.0  5490
 0.0  5491
 0.0  5492
 0.0  5493
 0.0  5523
 0.0  5583
 0.0  5622
 0.3  5627
 0.0  5634
 0.0  5644
 0.0  5675
 0.0  5677
 0.0  5684
 0.0  5899
 0.0  5924
 0.0  5927
